-0.75 0.8660254037844388
-0.749506682107068 0.8817230336667672
-0.7457013801988133 0.9688787764144271
-0.7442233734203648 0.9845144549231749
-0.7328364283408275 1.0710068898424452
-0.7303795656943802 1.0865189100978003
-0.71149763897124 1.1716897775333923
-0.7080716165712255 1.1870169206781749
-0.7036899553628562 1.202098697480698
-0.6774567498596962 1.285299795703846
-0.6721367422579706 1.3000766852812784
-0.6387519085087121 1.3806748036963088
-0.6325145501531542 1.3950884884164076
-0.6253844570476151 1.4090820840505682
-0.5851020737954038 1.4864638223098687
-0.5771073851599418 1.499982102529189
-0.5302340256644948 1.573558538880235
-0.5214062928827279 1.586548153208604
-0.4682986917127141 1.6557593265440973
-0.4586727538129246 1.6681690109081513
-0.4482865999743302 1.679949789953151
-0.38934893804189963 1.744268961453159
-0.37824355766871887 1.75537434182634
-0.31392438616871066 1.8143120037587703
-0.3021436071237109 1.8246981575973646
-0.2897339227596567 1.8343240954971543
-0.22052274942416353 1.8874316966671678
-0.2075331350957945 1.8962594294489348
-0.13395669874474844 1.9431327889443815
-0.12043841852542808 1.9511274775798435
-0.04305668026612758 1.9914098608320547
-0.0290630846319669 1.9985399539375936
-0.014649399911868213 2.0047773122931516
0.06594871850316246 2.03816214604241
0.08072560808059506 2.0434821536441357
0.16392670630374293 2.0697153591472954
0.1790084831062661 2.074097020355665
0.1943356262510486 2.0775230427556792
0.27950649368663893 2.0964049694788187
0.2950185139419941 2.0988618321252663
0.38151094886126613 2.1102487772048035
0.3971466273700139 2.111726783983252
0.48430237011767197 2.1155320858915063
0.5000000000000003 2.1160254037844384
0.5156976298823287 2.1155320858915063
0.6028533726299867 2.111726783983252
0.6184890511387344 2.1102487772048035
0.7049814860580074 2.098861832125266
0.7204935063133624 2.0964049694788187
0.8056643737489527 2.077523042755679
0.8209915168937353 2.0740970203556643
0.8360732936962585 2.069715359147295
0.9192743919194064 2.043482153644135
0.934051281496839 2.0381621460424095
1.0146493999118695 2.004777312293151
1.0290630846319682 1.9985399539375934
1.0430566802661287 1.9914098608320543
1.1204384185254292 1.9511274775798428
1.1339566987447496 1.9431327889443808
1.2075331350957956 1.8962594294489339
1.2205227494241648 1.887431696667167
1.289733922759658 1.8343240954971531
1.302143607123712 1.8246981575973635
1.3139243861687118 1.8143120037587692
1.3782435576687198 1.7553743418263388
1.3893489380419006 1.744268961453158
1.4482865999743317 1.6799497899531493
1.458672753812926 1.6681690109081497
1.4682986917127157 1.6557593265440955
1.5214062928827292 1.5865481532086023
1.5302340256644962 1.5735585388802331
1.5771073851599429 1.499982102529187
1.585102073795405 1.4864638223098667
1.6253844570476161 1.4090820840505662
1.632514550153155 1.3950884884164056
1.6387519085087132 1.380674803696307
1.6721367422579716 1.3000766852812764
1.677456749859697 1.2852997957038437
1.7036899553628568 1.2020986974806958
1.7080716165712262 1.1870169206781727
1.7114976389712406 1.17168977753339
1.7303795656943803 1.0865189100977997
1.7328364283408275 1.0710068898424445
1.744223373420365 0.9845144549231725
1.7457013801988135 0.9688787764144248
1.749506682107068 0.8817230336667667
1.75 0.8660254037844384
1.749506682107068 0.85032777390211
1.7457013801988135 0.7631720311544519
1.744223373420365 0.7475363526457043
1.7328364283408275 0.6610439177264322
1.7303795656943803 0.645531897471077
1.7114976389712404 0.5603610300354867
1.708071616571226 0.5450338868907042
1.7036899553628566 0.5299521100881812
1.6774567498596968 0.44675101186503324
1.6721367422579714 0.43197412228760046
1.638751908508713 0.3513760038725699
1.632514550153155 0.3369623191524713
1.625384457047616 0.3229687235183105
1.5851020737954047 0.2455869852590101
1.5771073851599426 0.23206870503968985
1.5302340256644953 0.15849226868864302
1.5214062928827283 0.14550265436027396
1.4682986917127148 0.07629148102478087
1.4586727538129252 0.0638817966607266
1.4482865999743308 0.05210101761572694
1.3893489380419004 -0.012218153884281158
1.3782435576687195 -0.023323534257461975
1.3139243861687113 -0.08226119618989242
1.3021436071237118 -0.09264735002848679
1.2897339227596576 -0.10227328792827628
1.2205227494241644 -0.15538088909828995
1.2075331350957952 -0.16420862188005694
1.1339566987447491 -0.21108198137550363
1.120438418525429 -0.21907667001096573
1.1064448228912682 -0.22620676311650478
1.0920311381711696 -0.2324441214720627
1.0772542485937369 -0.2377641290737883
1.0621724717912138 -0.24214579028215766
1.0468453286464312 -0.24557181268217204
1.031333308391076 -0.24802867532861936
1.0156976298823284 -0.24950668210706778
1 -0.2499999999999999
0.9843023701176717 -0.24950668210706778
0.968666691608924 -0.24802867532861936
0.9531546713535688 -0.24557181268217207
0.9378275282087863 -0.24214579028215769
0.9227457514062631 -0.23776412907378827
0.9079688618288305 -0.23244412147206275
0.893555177108732 -0.22620676311650484
0.8795615814745712 -0.21907667001096578
0.8660433012552509 -0.2110819813755037
0.8530536869268817 -0.20225424859373672
0.8406440025628277 -0.19262831069394723
0.8288632235178278 -0.18224215685535278
0.8177578431446471 -0.17113677648217207
0.8073716893060527 -0.15935599743717238
0.7977457514062631 -0.14694631307311823
0.7889180186244963 -0.13395669874474908
0.7809233299890341 -0.12043841852542873
0.7737932368834951 -0.10644482289126805
0.7675558785279372 -0.09203113817116947
0.7622358709262116 -0.07725424859373682
0.7578542097178422 -0.06217247179121364
0.7544281873178278 -0.04684532864643108
0.7519713246713805 -0.03133330839107596
0.750493317892932 -0.015697629882328226
0.75 3.0616169978683824E-17
0.750493317892932 0.015697629882328396
0.7519713246713805 0.031333308391076134
0.7544281873178278 0.046845328646431254
0.7578542097178422 0.06217247179121382
0.7622358709262116 0.07725424859373689
0.7675558785279372 0.09203113817116955
0.7737932368834951 0.10644482289126823
0.7809233299890341 0.12043841852542891
0.7889180186244962 0.13395669874474928
0.7977457514062631 0.14694631307311842
0.8073716893060526 0.1593559974371725
0.8177578431446471 0.17113677648217224
0.8288632235178278 0.18224215685535297
0.908994832503177 0.2579997305511368
0.9632753561329425 0.3295478939722476
1.0052286814272129 0.40923793974568823
1.033893321942555 0.49569078495093005
1.0476845634471632 0.5835344211632955
1.046892901324097 0.6744829880520634
1.0313339369305679 0.7634493252323282
1.0016754370826075 0.8479463794262669
0.9578497086043639 0.9277895449031186
0.9025682264289563 0.9980815004869286
0.8357757790801074 1.0590614329374046
0.7595802262582876 1.1084945548797596
0.6779540441601727 1.1440763937217562
0.5896296874554231 1.1663140294283665
0.5000000000000001 1.1736996155401576
0.41037031254457706 1.1663140294283665
0.322045955839828 1.1440763937217564
0.2404197737417124 1.1084945548797593
0.1642242209198922 1.0590614329374044
0.09743177357104364 0.9980815004869286
0.042150291395636336 0.927789544903119
-0.0016754370826077489 0.8479463794262664
-0.03133393693056774 0.7634493252323286
-0.046892901324097035 0.6744829880520637
-0.04768456344716311 0.5835344211632961
-0.03389332194255508 0.49569078495092933
-0.005228681427213304 0.40923793974568895
0.03672464386705768 0.3295478939722475
0.09100516749682301 0.25799973055113695
0.17113677648217215 0.1822421568553529
0.1822421568553529 0.17113677648217218
0.19262831069394729 0.15935599743717244
0.20225424859373686 0.14694631307311828
0.21108198137550377 0.13395669874474916
0.2190766700109659 0.12043841852542883
0.22620676311650487 0.10644482289126818
0.23244412147206284 0.0920311381711695
0.23776412907378838 0.07725424859373685
0.24214579028215777 0.0621724717912137
0.24557181268217218 0.04684532864643116
0.24802867532861947 0.031333308391076065
0.2495066821070679 0.015697629882328343
0.25 0
0.2495066821070679 -0.015697629882328316
0.24802867532861947 -0.03133330839107595
0.24557181268217218 -0.04684532864643117
0.2421457902821578 -0.06217247179121362
0.23776412907378844 -0.0772542485937367
0.23244412147206286 -0.09203113817116947
0.22620676311650492 -0.10644482289126805
0.2190766700109659 -0.12043841852542883
0.21108198137550382 -0.13395669874474908
0.20225424859373695 -0.14694631307311815
0.19262831069394734 -0.1593559974371724
0.18224215685535297 -0.17113677648217207
0.17113677648217215 -0.1822421568553529
0.1593559974371725 -0.19262831069394726
0.14694631307311842 -0.20225424859373675
0.1339566987447492 -0.21108198137550374
0.12043841852542893 -0.21907667001096584
0.10644482289126815 -0.2262067631165049
0.09203113817116956 -0.2324441214720628
0.07725424859373681 -0.2377641290737884
0.06217247179121373 -0.24214579028215777
0.04684532864643128 -0.24557181268217215
0.03133330839107606 -0.24802867532861947
0.01569762988232843 -0.2495066821070679
-4.592425496802574E-17 -0.25
-0.015697629882328302 -0.2495066821070679
-0.03133330839107593 -0.24802867532861947
-0.04684532864643116 -0.24557181268217218
-0.06217247179121361 -0.2421457902821578
-0.07725424859373689 -0.23776412907378838
-0.09203113817116945 -0.23244412147206286
-0.10644482289126804 -0.22620676311650495
-0.12043841852542882 -0.2190766700109659
-0.1339566987447504 -0.21108198137550305
-0.20753313509579635 -0.16420862188005614
-0.22052274942416558 -0.15538088909828915
-0.2897339227596587 -0.10227328792827536
-0.30214360712371274 -0.09264735002848587
-0.31392438616871254 -0.08226119618989142
-0.37824355766872186 -0.023323534257459644
-0.38934893804190257 -0.012218153884278937
-0.4482865999743317 0.05210101761572805
-0.45867275381292605 0.06388179666072774
-0.4682986917127156 0.0762914810247819
-0.5214062928827303 0.14550265436027654
-0.5302340256644972 0.1584922686886457
-0.5771073851599429 0.23206870503969024
-0.585102073795405 0.24558698525901057
-0.6253844570476169 0.3229687235183127
-0.6325145501531559 0.3369623191524734
-0.6387519085087139 0.35137600387257195
-0.6721367422579715 0.431974122287601
-0.6774567498596971 0.4467510118650337
-0.7036899553628573 0.5299521100881832
-0.7080716165712266 0.5450338868907064
-0.7114976389712411 0.560361030035489
-0.7303795656943803 0.6455318974710776
-0.7328364283408276 0.6610439177264328
-0.7442233734203653 0.7475363526457066
-0.7457013801988137 0.7631720311544543
-0.749506682107068 0.8503277739021106

