-1.1 0.8660254037844387
-1.098816037056963 0.9036997155020268
-1.0950107351487084 0.9908554582496867
-1.091463518880432 1.0283810866706813
-1.0800765738008948 1.1148735215899517
-1.0741801034494212 1.152102370202804
-1.055298176726281 1.237273237638396
-1.0470757229662464 1.2740583811858741
-1.03655973606616 1.3102546455119293
-1.0103265305629998 1.3934557437350774
-0.9975585123188586 1.4289202787209156
-0.9641736785696001 1.509518397135946
-0.949204018516261 1.5441112404641828
-0.9320917950629674 1.5776958699861685
-0.891809411810756 1.655077608245469
-0.872622159085647 1.687521480771838
-0.8257487995902001 1.7610979171228838
-0.8045622409139594 1.7922729915109696
-0.7514546397439457 1.8614841648464628
-0.7283523887844509 1.8912674073201927
-0.7034256195718243 1.919541277028192
-0.6444879576393936 1.9838604485282
-0.6178350447437599 2.010513361423834
-0.5535158732437517 2.0694510233562644
-0.5252420035357523 2.094377792568891
-0.4954587610620223 2.117480043528386
-0.4262475877265291 2.1705876446983994
-0.3950725133384434 2.19177420337464
-0.32149607698739735 2.238647562870087
-0.2890522044610285 2.2578348155951957
-0.21167046620172797 2.298117198847407
-0.17808583667974232 2.3152294223007006
-0.1434929933515055 2.3301990823540395
-0.06289487493647483 2.363583916103298
-0.027430339950636567 2.376351934347439
0.055770758272511295 2.402585139850599
0.0919670225985669 2.4131011267506857
0.12875216614604493 2.42132358051072
0.21392303358163525 2.44020550723386
0.25115188219448753 2.446101977585333
0.33764431711375964 2.457488922664871
0.3751699455347542 2.461036138933147
0.4623256882824123 2.4648414408414014
0.5000000000000002 2.4660254037844385
0.5376743117175883 2.4648414408414014
0.6248300544652463 2.461036138933147
0.6623556828862409 2.457488922664871
0.7488481178055139 2.446101977585333
0.786076966418366 2.44020550723386
0.8712478338539563 2.4213235805107196
0.9080329774014344 2.413101126750685
0.9442292417274901 2.402585139850599
1.027430339950638 2.376351934347439
1.0628948749364762 2.3635839161032974
1.1434929933515068 2.3301990823540395
1.1780858366797435 2.3152294223007
1.211670466201729 2.2981171988474065
1.2890522044610295 2.2578348155951953
1.3214960769873985 2.238647562870086
1.3950725133384445 2.191774203374639
1.4262475877265304 2.1705876446983985
1.4954587610620236 2.117480043528385
1.5252420035357535 2.09437779256889
1.5535158732437528 2.069451023356263
1.6178350447437608 2.0105133614238326
1.6444879576393947 1.983860448528199
1.7034256195718256 1.9195412770281903
1.7283523887844523 1.891267407320191
1.7514546397439472 1.861484164846461
1.8045622409139608 1.7922729915109679
1.8257487995902015 1.761097917122882
1.872622159085648 1.687521480771836
1.8918094118107571 1.6550776082454672
1.9320917950629684 1.5776958699861665
1.9492040185162618 1.544111240464181
1.9641736785696011 1.5095183971359443
1.9975585123188595 1.4289202787209137
2.0103265305630007 1.3934557437350752
2.0365597360661605 1.3102546455119273
2.0470757229662473 1.2740583811858717
2.0552981767262817 1.2372732376383937
2.0741801034494216 1.1521023702028033
2.080076573800895 1.114873521589951
2.091463518880432 1.028381086670679
2.0950107351487084 0.9908554582496845
2.098816037056963 0.9036997155020264
2.1 0.8660254037844384
2.098816037056963 0.8283510920668504
2.0950107351487084 0.7411953493191923
2.091463518880432 0.703669720898198
2.080076573800895 0.617177285978926
2.0741801034494216 0.5799484373660734
2.0552981767262812 0.49477756993048305
2.047075722966247 0.4579924263830052
2.0365597360661605 0.4217961620569498
2.0103265305630007 0.3385950638338019
1.9975585123188593 0.3031305288479632
1.964173678569601 0.22253241043293268
1.9492040185162618 0.18793956710469606
1.9320917950629681 0.15435493758271018
1.891809411810757 0.07697319932340974
1.872622159085648 0.044529326797041135
1.8257487995902006 -0.02904710955400569
1.8045622409139601 -0.060222183942091445
1.7514546397439466 -0.12943335727758454
1.7283523887844514 -0.15921659975131475
1.7034256195718251 -0.18749046945931397
1.6444879576393947 -0.25180964095932207
1.6178350447437606 -0.278462553854956
1.5535158732437524 -0.33740021578738644
1.5252420035357532 -0.3623269850000129
1.4954587610620234 -0.38542923595950773
1.4262475877265302 -0.4385368371295214
1.395072513338444 -0.45972339580576216
1.321496076987398 -0.5065967553012088
1.2890522044610293 -0.5257840080263179
1.2554675749390436 -0.5428962314796116
1.2208747316108068 -0.5578658915329506
1.1854101966249684 -0.570633909777092
1.149213932298913 -0.5811498966771785
1.112428788751435 -0.589372350437213
1.0751999401385826 -0.5952688207886866
1.0376743117175882 -0.5988160370569628
0.9999999999999999 -0.5999999999999999
0.962325688282412 -0.5988160370569628
0.9248000598614178 -0.5952688207886866
0.8875712112485652 -0.5893723504372131
0.8507860677010873 -0.5811498966771785
0.8145898033750315 -0.5706339097770919
0.7791252683891934 -0.5578658915329507
0.7445324250609567 -0.5428962314796117
0.7109477955389709 -0.525784008026318
0.6785039230126022 -0.5065967553012091
0.6473288486245161 -0.48541019662496826
0.6175456061507862 -0.4623079456654735
0.5892717364427869 -0.4373811764528468
0.5626188235471531 -0.4107282635572131
0.5376920543345266 -0.38245439384921387
0.5145898033750317 -0.3526711513754839
0.5 -0.3312029076425255
0.48541019662496865 -0.35267115137548355
0.4623079456654736 -0.38245439384921376
0.43738117645284713 -0.410728263557213
0.41072826355721315 -0.4373811764528469
0.382454393849214 -0.4623079456654734
0.3526711513754842 -0.4854101966249682
0.32149607698739807 -0.506596755301209
0.2890522044610294 -0.525784008026318
0.25546757493904354 -0.5428962314796117
0.22087473161080695 -0.5578658915329507
0.18541019662496833 -0.5706339097770922
0.14921393229891294 -0.5811498966771786
0.11242878875143507 -0.5893723504372131
0.07519994013858254 -0.5952688207886867
0.037674311717588234 -0.598816037056963
-1.1021821192326178E-16 -0.6
-0.03767431171758792 -0.598816037056963
-0.07519994013858224 -0.5952688207886867
-0.11242878875143478 -0.5893723504372133
-0.14921393229891267 -0.5811498966771786
-0.18541019662496852 -0.570633909777092
-0.22087473161080667 -0.5578658915329509
-0.25546757493904326 -0.5428962314796119
-0.28905220446102914 -0.5257840080263181
-0.3214960769873991 -0.5065967553012084
-0.39507251333844506 -0.4597233958057615
-0.4262475877265312 -0.4385368371295207
-0.4954587610620243 -0.3854292359595069
-0.5252420035357541 -0.36232698500001215
-0.5535158732437535 -0.33740021578738544
-0.6178350447437628 -0.27846255385495366
-0.6444879576393966 -0.25180964095931996
-0.7034256195718257 -0.18749046945931297
-0.7283523887844522 -0.15921659975131375
-0.7514546397439471 -0.12943335727758376
-0.8045622409139618 -0.060222183942089114
-0.8257487995902024 -0.029047109554003192
-0.8726221590856481 0.04452932679704136
-0.8918094118107572 0.07697319932341024
-0.9320917950629691 0.15435493758271235
-0.9492040185162627 0.18793956710469795
-0.9641736785696018 0.22253241043293456
-0.9975585123188594 0.30313052884796365
-1.0103265305630007 0.338595063833802
-1.036559736066161 0.4217961620569516
-1.0470757229662475 0.4579924263830072
-1.0552981767262821 0.49477756993048533
-1.0741801034494212 0.5799484373660739
-1.0800765738008948 0.6171772859789263
-1.0914635188804325 0.7036697208982001
-1.0950107351487088 0.7411953493191947
-1.098816037056963 0.8283510920668509

0.30253223748903263 0.6084411760435013
0.307100195322183 0.5793454614920144
0.31800178254921685 0.5464661643480033
0.33299545643636014 0.5179857864519115
0.35208539097317865 0.4928229902111322
0.41072826355721315 0.4373811764528469
0.4373811764528469 0.4107282635572132
0.46230794566547345 0.3824543938492138
0.4854101966249684 0.3526711513754839
0.49999999999999994 0.33120290764252563
0.5145898033750316 0.35267115137548405
0.5376920543345264 0.3824543938492138
0.562618823547153 0.4107282635572132
0.5892717364427869 0.43738117645284696
0.6479146090268211 0.49282299021113185
0.6670045435636399 0.5179857864519116
0.6819982174507826 0.5464661643480021
0.6928998046778171 0.5793454614920155
0.6974677625109674 0.6084411760435015
0.6971689499703316 0.6427696749667068
0.6915176160059883 0.6750840675106704
0.6812615074969628 0.7043037165471553
0.6645946302931245 0.7346679861389099
0.645636693530879 0.7587735346230141
0.6211874743544263 0.7810950963118698
0.5926409926663228 0.799615097257504
0.5653680849258861 0.811503687205352
0.5317775793701364 0.8199608495739001
0.5000000000000001 0.8225793575206019
0.4682224206298642 0.8199608495739001
0.43463191507411403 0.8115036872053519
0.4073590073336769 0.7996150972575038
0.37881252564557344 0.7810950963118697
0.3543633064691211 0.7587735346230143
0.3354053697068754 0.7346679861389097
0.3187384925030373 0.7043037165471555
0.308482383994012 0.6750840675106711
0.3028310500296684 0.6427696749667066

