-0.25 -8.040613248383183E-17
-0.25 0.9999999999999999
-0.2495066821070679 1.0156976298823284
-0.24802867532861947 1.031333308391076
-0.24557181268217218 1.0468453286464312
-0.24214579028215777 1.0621724717912138
-0.2377641290737884 1.0772542485937369
-0.23244412147206286 1.0920311381711694
-0.2262067631165049 1.1064448228912682
-0.2190766700109659 1.1204384185254288
-0.21108198137550377 1.1339566987447491
-0.20225424859373684 1.1469463130731183
-0.19262831069394734 1.1593559974371723
-0.18224215685535292 1.171136776482172
-0.17113677648217218 1.182242156855353
-0.15935599743717244 1.1926283106939473
-0.14694631307311826 1.2022542485937369
-0.13395669874474922 1.2110819813755038
-0.12043841852542886 1.2190766700109659
-0.10644482289126818 1.2262067631165048
-0.0920311381711695 1.2324441214720627
-0.07725424859373689 1.2377641290737884
-0.06217247179121371 1.2421457902821578
-0.046845328646431206 1.2455718126821722
-0.03133330839107609 1.2480286753286194
-0.01569762988232835 1.249506682107068
-4.020306624191591E-17 1.25
4.2 1.25
4.215697629882328 1.249506682107068
4.2313333083910765 1.2480286753286194
4.246845328646431 1.2455718126821722
4.262172471791214 1.2421457902821578
4.277254248593737 1.2377641290737884
4.292031138171169 1.232444121472063
4.306444822891268 1.226206763116505
4.320438418525429 1.2190766700109659
4.33395669874475 1.2110819813755038
4.3469463130731185 1.2022542485937369
4.359355997437173 1.1926283106939473
4.371136776482173 1.182242156855353
4.382242156855353 1.171136776482172
4.392628310693947 1.1593559974371725
4.402254248593737 1.1469463130731183
4.411081981375504 1.1339566987447491
4.419076670010966 1.1204384185254288
4.426206763116505 1.1064448228912682
4.432444121472063 1.0920311381711696
4.437764129073789 1.0772542485937369
4.442145790282158 1.0621724717912138
4.445571812682172 1.0468453286464312
4.44802867532862 1.031333308391076
4.449506682107068 1.0156976298823284
4.45 1
4.45 0.9
4.449506682107068 0.8843023701176717
4.44802867532862 0.8686666916089241
4.445571812682172 0.8531546713535688
4.442145790282158 0.8378275282087864
4.437764129073789 0.8227457514062633
4.432444121472063 0.8079688618288305
4.426206763116505 0.7935551771087319
4.419076670010966 0.7795615814745712
4.411081981375504 0.766043301255251
4.402254248593737 0.7530536869268819
4.392628310693947 0.7406440025628276
4.382242156855353 0.728863223517828
4.371136776482173 0.7177578431446472
4.359355997437173 0.7073716893060528
4.3469463130731185 0.6977457514062633
4.33395669874475 0.6889180186244963
4.320438418525429 0.6809233299890342
4.306444822891268 0.6737932368834951
4.292031138171169 0.6675558785279372
4.277254248593737 0.6622358709262116
4.262172471791214 0.6578542097178423
4.246845328646431 0.6544281873178279
4.2313333083910765 0.6519713246713805
4.215697629882329 0.6504933178929322
4.2 0.65
2.444866660089813 0.65
2.4455718126821724 0.6468453286464312
2.4480286753286196 0.631333308391076
2.449506682107068 0.6156976298823283
2.45 0.6
2.45 0.35
7.55 0.3499999999999999
7.55 0.5999999999999999
7.550493317892932 0.6156976298823282
7.55197132467138 0.631333308391076
7.554428187317828 0.6468453286464311
7.555133339910188 0.65
5.8 0.65
5.784302370117672 0.6504933178929322
5.7686666916089235 0.6519713246713805
5.753154671353569 0.6544281873178278
5.737827528208786 0.6578542097178423
5.722745751406263 0.6622358709262116
5.707968861828831 0.6675558785279372
5.693555177108732 0.6737932368834951
5.679561581474571 0.6809233299890342
5.666043301255251 0.6889180186244962
5.6530536869268815 0.6977457514062632
5.640644002562827 0.7073716893060527
5.628863223517827 0.7177578431446472
5.617757843144647 0.7288632235178278
5.607371689306053 0.7406440025628276
5.597745751406263 0.7530536869268817
5.588918018624496 0.7660433012552508
5.580923329989034 0.7795615814745712
5.573793236883495 0.7935551771087319
5.567555878527937 0.8079688618288304
5.562235870926211 0.822745751406263
5.557854209717842 0.8378275282087863
5.554428187317828 0.8531546713535688
5.55197132467138 0.868666691608924
5.550493317892932 0.8843023701176717
5.55 0.8999999999999999
5.55 0.9999999999999999
5.550493317892932 1.0156976298823284
5.55197132467138 1.031333308391076
5.554428187317828 1.0468453286464312
5.557854209717842 1.0621724717912138
5.562235870926211 1.0772542485937369
5.567555878527937 1.0920311381711694
5.573793236883495 1.1064448228912682
5.580923329989034 1.1204384185254288
5.588918018624496 1.1339566987447491
5.597745751406263 1.1469463130731183
5.607371689306053 1.1593559974371723
5.617757843144647 1.171136776482172
5.628863223517827 1.182242156855353
5.640644002562827 1.1926283106939473
5.6530536869268815 1.2022542485937369
5.66604330125525 1.2110819813755038
5.679561581474571 1.2190766700109659
5.693555177108732 1.2262067631165048
5.707968861828831 1.2324441214720627
5.722745751406263 1.2377641290737884
5.737827528208786 1.2421457902821578
5.753154671353569 1.2455718126821722
5.7686666916089235 1.2480286753286194
5.784302370117672 1.249506682107068
5.8 1.25
10 1.25
10.015697629882329 1.249506682107068
10.031333308391076 1.2480286753286194
10.04684532864643 1.2455718126821722
10.062172471791214 1.2421457902821578
10.077254248593738 1.2377641290737884
10.09203113817117 1.232444121472063
10.106444822891268 1.226206763116505
10.12043841852543 1.2190766700109659
10.133956698744749 1.2110819813755038
10.146946313073117 1.2022542485937369
10.159355997437173 1.1926283106939473
10.171136776482172 1.182242156855353
10.182242156855352 1.171136776482172
10.192628310693948 1.1593559974371725
10.202254248593738 1.1469463130731183
10.211081981375504 1.1339566987447491
10.219076670010965 1.1204384185254288
10.226206763116505 1.1064448228912682
10.232444121472064 1.0920311381711696
10.237764129073788 1.0772542485937369
10.242145790282159 1.0621724717912138
10.245571812682172 1.0468453286464312
10.24802867532862 1.031333308391076
10.249506682107068 1.0156976298823284
10.25 1
10.25 0
10.249506682107068 -0.015697629882328316
10.24802867532862 -0.03133330839107595
10.245571812682172 -0.04684532864643117
10.242145790282159 -0.06217247179121362
10.237764129073788 -0.0772542485937367
10.232444121472064 -0.09203113817116947
10.226206763116505 -0.10644482289126805
10.219076670010965 -0.12043841852542883
10.211081981375504 -0.13395669874474908
10.202254248593738 -0.14694631307311815
10.192628310693948 -0.1593559974371724
10.182242156855352 -0.17113677648217207
10.171136776482172 -0.1822421568553529
10.159355997437173 -0.19262831069394726
10.14694631307312 -0.20225424859373675
10.133956698744749 -0.21108198137550374
10.12043841852543 -0.21907667001096584
10.106444822891268 -0.2262067631165049
10.09203113817117 -0.2324441214720628
10.077254248593738 -0.2377641290737884
10.062172471791214 -0.24214579028215777
10.046845328646432 -0.24557181268217215
10.031333308391076 -0.24802867532861947
10.015697629882329 -0.2495066821070679
10 -0.25
-4.592425496802574E-17 -0.25
-0.015697629882328302 -0.2495066821070679
-0.03133330839107593 -0.24802867532861947
-0.04684532864643116 -0.24557181268217218
-0.06217247179121361 -0.2421457902821578
-0.07725424859373689 -0.23776412907378838
-0.09203113817116945 -0.23244412147206286
-0.10644482289126804 -0.22620676311650495
-0.12043841852542882 -0.2190766700109659
-0.13395669874474908 -0.21108198137550382
-0.1469463130731183 -0.20225424859373684
-0.15935599743717238 -0.19262831069394734
-0.17113677648217215 -0.1822421568553529
-0.1822421568553529 -0.17113677648217218
-0.19262831069394726 -0.1593559974371725
-0.2022542485937368 -0.14694631307311834
-0.21108198137550374 -0.1339566987447492
-0.21907667001096587 -0.12043841852542884
-0.22620676311650487 -0.10644482289126816
-0.2324441214720628 -0.09203113817116958
-0.23776412907378838 -0.07725424859373693
-0.24214579028215777 -0.062172471791213754
-0.24557181268217215 -0.04684532864643119
-0.24802867532861947 -0.03133330839107607
-0.2495066821070679 -0.015697629882328337

0.35 0.35
1.55 0.35
1.55 0.5999999999999999
1.550493317892932 0.6156976298823282
1.5519713246713807 0.631333308391076
1.5544281873178278 0.6468453286464311
1.5551333399101874 0.65
0.35 0.65

8.444866660089811 0.65
8.445571812682171 0.6468453286464312
8.448028675328619 0.631333308391076
8.449506682107067 0.6156976298823283
8.45 0.6
8.45 0.35
9.65 0.35
9.65 0.6499999999999999

