-25 -8.040613248383184E-15
-25 99.99999999999999
-24.950668210706787 101.56976298823282
-24.802867532861946 103.1333308391076
-24.557181268217217 104.68453286464312
-24.214579028215777 106.21724717912137
-23.77641290737884 107.72542485937367
-23.244412147206287 109.20311381711694
-22.620676311650488 110.64448228912681
-21.90766700109659 112.04384185254288
-21.108198137550378 113.39566987447492
-20.225424859373682 114.69463130731182
-19.262831069394736 115.93559974371723
-18.22421568553529 117.11367764821722
-17.11367764821722 118.22421568553528
-15.935599743717244 119.26283106939474
-14.694631307311825 120.22542485937369
-13.395669874474923 121.10819813755037
-12.043841852542887 121.90766700109658
-10.644482289126818 122.62067631165048
-9.20311381711695 123.24441214720628
-7.725424859373689 123.77641290737884
-6.2172471791213715 124.21457902821578
-4.684532864643121 124.55718126821722
-3.133330839107609 124.80286753286194
-1.569762988232835 124.9506682107068
-4.020306624191591E-15 125
100 125
101.56976298823284 124.9506682107068
103.1333308391076 124.80286753286194
104.68453286464312 124.55718126821722
106.21724717912137 124.21457902821578
107.72542485937369 123.77641290737884
109.20311381711694 123.24441214720629
110.64448228912681 122.62067631165048
112.04384185254288 121.9076670010966
113.39566987447492 121.10819813755037
114.69463130731182 120.22542485937369
115.93559974371723 119.26283106939474
117.11367764821722 118.22421568553528
118.22421568553528 117.11367764821722
119.26283106939474 115.93559974371725
120.22542485937369 114.69463130731182
121.10819813755037 113.39566987447492
121.9076670010966 112.04384185254288
122.62067631165048 110.64448228912681
123.24441214720628 109.20311381711696
123.77641290737884 107.72542485937369
124.21457902821578 106.21724717912137
124.55718126821722 104.68453286464312
124.80286753286194 103.1333308391076
124.9506682107068 101.56976298823284
125 100
125 0
124.9506682107068 -1.5697629882328317
124.80286753286194 -3.1333308391075945
124.55718126821722 -4.684532864643117
124.21457902821578 -6.217247179121363
123.77641290737884 -7.725424859373669
123.24441214720629 -9.203113817116947
122.6206763116505 -10.644482289126806
121.9076670010966 -12.043841852542883
121.10819813755037 -13.395669874474908
120.2254248593737 -14.694631307311814
119.26283106939474 -15.93559974371724
118.2242156855353 -17.113677648217205
117.11367764821722 -18.224215685535288
115.93559974371725 -19.262831069394725
114.69463130731184 -20.225424859373675
113.39566987447492 -21.108198137550374
112.0438418525429 -21.907667001096584
110.64448228912681 -22.620676311650488
109.20311381711696 -23.24441214720628
107.72542485937367 -23.77641290737884
106.21724717912137 -24.214579028215777
104.68453286464313 -24.557181268217214
103.1333308391076 -24.802867532861946
101.56976298823284 -24.950668210706787
100 -25
-4.592425496802574E-15 -25
-1.5697629882328301 -24.950668210706787
-3.133330839107593 -24.802867532861946
-4.684532864643116 -24.557181268217217
-6.217247179121361 -24.21457902821578
-7.725424859373689 -23.776412907378838
-9.203113817116945 -23.244412147206287
-10.644482289126804 -22.620676311650495
-12.043841852542881 -21.90766700109659
-13.395669874474908 -21.10819813755038
-14.69463130731183 -20.225424859373682
-15.935599743717239 -19.262831069394736
-17.113677648217216 -18.224215685535288
-18.224215685535288 -17.11367764821722
-19.262831069394725 -15.93559974371725
-20.225424859373682 -14.694631307311834
-21.108198137550374 -13.395669874474919
-21.907667001096588 -12.043841852542885
-22.620676311650488 -10.644482289126817
-23.24441214720628 -9.203113817116957
-23.776412907378838 -7.725424859373693
-24.214579028215777 -6.217247179121375
-24.557181268217214 -4.684532864643119
-24.802867532861946 -3.1333308391076073
-24.950668210706787 -1.5697629882328337

