-0.25 -8.040613248383183E-17
-0.25 0.9999999999999999
-0.2495066821070679 1.0156976298823284
-0.24802867532861947 1.031333308391076
-0.24557181268217218 1.0468453286464312
-0.24214579028215777 1.0621724717912138
-0.2377641290737884 1.0772542485937369
-0.23244412147206286 1.0920311381711694
-0.2262067631165049 1.1064448228912682
-0.2190766700109659 1.1204384185254288
-0.21108198137550377 1.1339566987447491
-0.20225424859373684 1.1469463130731183
-0.19262831069394734 1.1593559974371723
-0.18224215685535292 1.171136776482172
-0.17113677648217218 1.182242156855353
-0.15935599743717244 1.1926283106939473
-0.14694631307311826 1.2022542485937369
-0.13395669874474922 1.2110819813755038
-0.12043841852542886 1.2190766700109659
-0.10644482289126818 1.2262067631165048
-0.0920311381711695 1.2324441214720627
-0.07725424859373689 1.2377641290737884
-0.06217247179121371 1.2421457902821578
-0.046845328646431206 1.2455718126821722
-0.03133330839107609 1.2480286753286194
-0.01569762988232835 1.249506682107068
-4.020306624191591E-17 1.25
0.24999999999999997 1.25
0.2656976298823283 1.249506682107068
0.28133330839107606 1.2480286753286194
0.29684532864643115 1.2455718126821722
0.31217247179121366 1.2421457902821578
0.32725424859373686 1.2377641290737884
0.3420311381711695 1.232444121472063
0.35644482289126816 1.226206763116505
0.3704384185254288 1.2190766700109659
0.38395669874474914 1.2110819813755038
0.39694631307311823 1.2022542485937369
0.40935599743717244 1.1926283106939473
0.4211367764821722 1.182242156855353
0.4322421568553529 1.171136776482172
0.44262831069394726 1.1593559974371725
0.45225424859373686 1.1469463130731183
0.46108198137550377 1.1339566987447491
0.46907667001096587 1.1204384185254288
0.4762067631165049 1.1064448228912682
0.48244412147206284 1.0920311381711696
0.4877641290737884 1.0772542485937369
0.49214579028215777 1.0621724717912138
0.4955718126821722 1.0468453286464312
0.4980286753286195 1.031333308391076
0.4995066821070679 1.0156976298823284
0.5 0.9999999999999999
0.500493317892932 1.0156976298823284
0.5019713246713805 1.031333308391076
0.5044281873178278 1.0468453286464312
0.5078542097178422 1.0621724717912138
0.5122358709262116 1.0772542485937369
0.5175558785279372 1.0920311381711694
0.5237932368834951 1.1064448228912682
0.5309233299890341 1.1204384185254288
0.5389180186244962 1.1339566987447491
0.5477457514062631 1.1469463130731183
0.5573716893060526 1.1593559974371723
0.5677578431446471 1.171136776482172
0.5788632235178278 1.182242156855353
0.5906440025628276 1.1926283106939473
0.6030536869268818 1.2022542485937369
0.6160433012552508 1.2110819813755038
0.6295615814745712 1.2190766700109659
0.6435551771087318 1.2262067631165048
0.6579688618288305 1.2324441214720627
0.6727457514062631 1.2377641290737884
0.6878275282087862 1.2421457902821578
0.7031546713535688 1.2455718126821722
0.7186666916089239 1.2480286753286194
0.7343023701176716 1.249506682107068
0.75 1.25
1 1.25
1.0156976298823284 1.249506682107068
1.031333308391076 1.2480286753286194
1.0468453286464312 1.2455718126821722
1.0621724717912138 1.2421457902821578
1.0772542485937369 1.2377641290737884
1.0920311381711694 1.232444121472063
1.1064448228912682 1.226206763116505
1.1204384185254288 1.2190766700109659
1.1339566987447491 1.2110819813755038
1.1469463130731183 1.2022542485937369
1.1593559974371723 1.1926283106939473
1.171136776482172 1.182242156855353
1.182242156855353 1.171136776482172
1.1926283106939473 1.1593559974371725
1.2022542485937369 1.1469463130731183
1.2110819813755038 1.1339566987447491
1.2190766700109659 1.1204384185254288
1.2262067631165048 1.1064448228912682
1.2324441214720627 1.0920311381711696
1.2377641290737884 1.0772542485937369
1.2421457902821578 1.0621724717912138
1.2455718126821722 1.0468453286464312
1.2480286753286194 1.031333308391076
1.249506682107068 1.0156976298823284
1.25 1
1.25 0
1.249506682107068 -0.015697629882328316
1.2480286753286194 -0.03133330839107595
1.2455718126821722 -0.04684532864643117
1.2421457902821578 -0.06217247179121362
1.2377641290737884 -0.0772542485937367
1.232444121472063 -0.09203113817116947
1.226206763116505 -0.10644482289126805
1.2190766700109659 -0.12043841852542883
1.2110819813755038 -0.13395669874474908
1.2022542485937369 -0.14694631307311815
1.1926283106939473 -0.1593559974371724
1.182242156855353 -0.17113677648217207
1.171136776482172 -0.1822421568553529
1.1593559974371725 -0.19262831069394726
1.1469463130731183 -0.20225424859373675
1.1339566987447491 -0.21108198137550374
1.120438418525429 -0.21907667001096584
1.1064448228912682 -0.2262067631165049
1.0920311381711696 -0.2324441214720628
1.0772542485937369 -0.2377641290737884
1.0621724717912138 -0.24214579028215777
1.0468453286464312 -0.24557181268217215
1.031333308391076 -0.24802867532861947
1.0156976298823284 -0.2495066821070679
1 -0.25
-4.592425496802574E-17 -0.25
-0.015697629882328302 -0.2495066821070679
-0.03133330839107593 -0.24802867532861947
-0.04684532864643116 -0.24557181268217218
-0.06217247179121361 -0.2421457902821578
-0.07725424859373689 -0.23776412907378838
-0.09203113817116945 -0.23244412147206286
-0.10644482289126804 -0.22620676311650495
-0.12043841852542882 -0.2190766700109659
-0.13395669874474908 -0.21108198137550382
-0.1469463130731183 -0.20225424859373684
-0.15935599743717238 -0.19262831069394734
-0.17113677648217215 -0.1822421568553529
-0.1822421568553529 -0.17113677648217218
-0.19262831069394726 -0.1593559974371725
-0.2022542485937368 -0.14694631307311834
-0.21108198137550374 -0.1339566987447492
-0.21907667001096587 -0.12043841852542884
-0.22620676311650487 -0.10644482289126816
-0.2324441214720628 -0.09203113817116958
-0.23776412907378838 -0.07725424859373693
-0.24214579028215777 -0.062172471791213754
-0.24557181268217215 -0.04684532864643119
-0.24802867532861947 -0.03133330839107607
-0.2495066821070679 -0.015697629882328337

