-1.25 0.9999999999999999
-1.249506682107068 1.0156976298823284
-1.2480286753286194 1.031333308391076
-1.2455718126821722 1.0468453286464312
-1.2421457902821578 1.0621724717912138
-1.2377641290737884 1.0772542485937369
-1.232444121472063 1.0920311381711694
-1.226206763116505 1.1064448228912682
-1.2190766700109659 1.1204384185254288
-1.2110819813755038 1.1339566987447491
-1.2022542485937369 1.1469463130731183
-1.1926283106939473 1.1593559974371723
-1.182242156855353 1.171136776482172
-1.171136776482172 1.182242156855353
-1.1593559974371725 1.1926283106939473
-1.1469463130731183 1.2022542485937369
-1.1339566987447491 1.2110819813755038
1.8660433012552509 3.2110819813755036
1.8795615814745712 3.219076670010966
1.8935551771087318 3.226206763116505
1.9079688618288304 3.2324441214720627
1.9227457514062631 3.2377641290737884
1.9378275282087862 3.2421457902821578
1.9531546713535688 3.245571812682172
1.968666691608924 3.2480286753286194
1.9843023701176716 3.249506682107068
2 3.25
2.0156976298823284 3.249506682107068
2.0313333083910763 3.2480286753286194
2.046845328646431 3.245571812682172
2.0621724717912135 3.2421457902821578
2.0772542485937366 3.2377641290737884
2.0920311381711696 3.2324441214720627
2.106444822891268 3.226206763116505
2.1204384185254286 3.219076670010966
2.133956698744749 3.2110819813755036
2.1469463130731183 3.2022542485937366
2.1593559974371725 3.1926283106939475
2.171136776482172 3.1822421568553527
2.1822421568553527 3.171136776482172
2.1926283106939475 3.1593559974371725
2.2022542485937366 3.1469463130731183
2.2110819813755036 3.133956698744749
2.219076670010966 3.120438418525429
2.226206763116505 3.106444822891268
2.2324441214720627 3.0920311381711696
2.2377641290737884 3.0772542485937366
2.2421457902821578 3.0621724717912135
2.245571812682172 3.046845328646431
2.2480286753286194 3.0313333083910763
2.249506682107068 3.0156976298823284
2.25 3
2.249506682107068 2.9843023701176716
2.2480286753286194 2.968666691608924
2.245571812682172 2.953154671353569
2.2421457902821578 2.9378275282087865
2.2377641290737884 2.9227457514062634
1.2377641290737884 -0.0772542485937367
1.232444121472063 -0.09203113817116947
1.226206763116505 -0.10644482289126805
1.2190766700109659 -0.12043841852542883
1.2110819813755038 -0.13395669874474908
1.2022542485937369 -0.14694631307311815
1.1926283106939473 -0.1593559974371724
1.182242156855353 -0.17113677648217207
1.171136776482172 -0.1822421568553529
1.1593559974371725 -0.19262831069394726
1.1469463130731183 -0.20225424859373675
1.1339566987447491 -0.21108198137550374
1.120438418525429 -0.21907667001096584
1.1064448228912682 -0.2262067631165049
1.0920311381711696 -0.2324441214720628
1.0772542485937369 -0.2377641290737884
1.0621724717912138 -0.24214579028215777
1.0468453286464312 -0.24557181268217215
1.031333308391076 -0.24802867532861947
1.0156976298823284 -0.2495066821070679
1 -0.25
-4.592425496802574E-17 -0.25
-0.015697629882328302 -0.2495066821070679
-0.03133330839107593 -0.24802867532861947
-0.04684532864643116 -0.24557181268217218
-0.06217247179121361 -0.2421457902821578
-0.07725424859373689 -0.23776412907378838
-0.09203113817116945 -0.23244412147206286
-0.10644482289126804 -0.22620676311650495
-0.12043841852542882 -0.2190766700109659
-0.13395669874474908 -0.21108198137550382
-0.1469463130731183 -0.20225424859373684
-0.15935599743717238 -0.19262831069394734
-0.17113677648217215 -0.1822421568553529
-1.182242156855353 0.8288632235178278
-1.1926283106939473 0.8406440025628275
-1.2022542485937369 0.8530536869268817
-1.2110819813755038 0.8660433012552509
-1.2190766700109659 0.8795615814745712
-1.2262067631165048 0.8935551771087318
-1.2324441214720627 0.9079688618288304
-1.2377641290737884 0.922745751406263
-1.2421457902821578 0.9378275282087862
-1.2455718126821722 0.9531546713535688
-1.2480286753286194 0.9686666916089239
-1.249506682107068 0.9843023701176716

