-1.25 -1
-1.25 2
-1.249506682107068 2.0156976298823284
-1.2480286753286194 2.031333308391076
-1.2455718126821722 2.046845328646431
-1.2421457902821578 2.0621724717912135
-1.2377641290737884 2.0772542485937366
-1.232444121472063 2.0920311381711696
-1.226206763116505 2.106444822891268
-1.2190766700109659 2.1204384185254286
-1.2110819813755038 2.133956698744749
-1.2022542485937369 2.1469463130731183
-1.1926283106939473 2.1593559974371725
-1.182242156855353 2.171136776482172
0.8288632235178278 4.182242156855353
0.8406440025628276 4.192628310693947
0.8530536869268818 4.202254248593737
0.8660433012552508 4.211081981375504
0.8795615814745712 4.219076670010966
0.8935551771087318 4.226206763116505
0.9079688618288305 4.232444121472063
0.9227457514062631 4.237764129073788
0.9378275282087862 4.242145790282158
0.9531546713535688 4.245571812682172
0.9686666916089239 4.248028675328619
0.9843023701176716 4.249506682107068
1 4.25
1.0156976298823284 4.249506682107068
1.031333308391076 4.248028675328619
1.0468453286464312 4.245571812682172
1.0621724717912138 4.242145790282158
1.0772542485937369 4.237764129073788
1.0920311381711694 4.232444121472063
1.1064448228912682 4.226206763116505
1.1204384185254288 4.219076670010966
1.1339566987447491 4.211081981375504
1.1469463130731183 4.202254248593737
1.1593559974371723 4.192628310693947
1.171136776482172 4.182242156855353
1.182242156855353 4.1711367764821725
1.1926283106939473 4.1593559974371725
1.2022542485937369 4.146946313073118
1.2110819813755038 4.13395669874475
1.2190766700109659 4.120438418525429
1.2262067631165048 4.106444822891268
1.2324441214720627 4.092031138171169
1.2377641290737884 4.077254248593737
3.2377641290737884 -1.9227457514062631
3.2421457902821578 -1.9378275282087862
3.245571812682172 -1.9531546713535688
3.2480286753286194 -1.968666691608924
3.249506682107068 -1.9843023701176716
3.25 -2
3.249506682107068 -2.0156976298823284
3.2480286753286194 -2.031333308391076
3.245571812682172 -2.046845328646431
3.2421457902821578 -2.0621724717912135
3.2377641290737884 -2.0772542485937366
3.2324441214720627 -2.0920311381711696
3.226206763116505 -2.106444822891268
3.219076670010966 -2.120438418525429
3.2110819813755036 -2.133956698744749
3.202254248593737 -2.1469463130731183
3.1926283106939475 -2.1593559974371725
3.182242156855353 -2.171136776482172
3.171136776482172 -2.1822421568553527
3.1593559974371725 -2.192628310693947
3.1469463130731183 -2.2022542485937366
3.133956698744749 -2.2110819813755036
0.1339566987447492 -4.211081981375504
0.12043841852542893 -4.219076670010966
0.10644482289126815 -4.226206763116505
0.09203113817116956 -4.232444121472063
0.07725424859373681 -4.237764129073788
0.06217247179121373 -4.242145790282158
0.04684532864643128 -4.245571812682172
0.03133330839107606 -4.248028675328619
0.01569762988232843 -4.249506682107068
-4.592425496802574E-17 -4.25
-0.015697629882328302 -4.249506682107068
-0.03133330839107593 -4.248028675328619
-0.04684532864643116 -4.245571812682172
-0.06217247179121361 -4.242145790282158
-0.07725424859373689 -4.237764129073788
-0.09203113817116945 -4.232444121472063
-0.10644482289126804 -4.226206763116505
-0.12043841852542882 -4.219076670010966
-0.13395669874474908 -4.211081981375504
-0.1469463130731183 -4.202254248593737
-0.15935599743717238 -4.192628310693947
-0.17113677648217215 -4.182242156855353
-0.1822421568553529 -4.1711367764821725
-0.19262831069394726 -4.1593559974371725
-0.2022542485937368 -4.146946313073118
-0.21108198137550374 -4.13395669874475
-0.21907667001096587 -4.120438418525429
-0.22620676311650487 -4.106444822891268
-0.2324441214720628 -4.092031138171169
-0.23776412907378838 -4.077254248593737
-1.2377641290737884 -1.0772542485937369
-1.2421457902821578 -1.0621724717912138
-1.2455718126821722 -1.0468453286464312
-1.2480286753286194 -1.031333308391076
-1.249506682107068 -1.0156976298823284

