0.25 0.0
0.2495066821070679 1.5697629882328343e-2
0.24802867532861947 3.1333308391076065e-2
0.24557181268217218 4.684532864643116e-2
0.24214579028215777 6.21724717912137e-2
0.23776412907378838 7.725424859373685e-2
0.23244412147206284 9.20311381711695e-2
0.22620676311650487 0.10644482289126818
0.2190766700109659 0.12043841852542883
0.21108198137550377 0.13395669874474916
0.20225424859373686 0.14694631307311828
0.19262831069394729 0.15935599743717244
0.1822421568553529 0.17113677648217218
0.17113677648217215 0.1822421568553529
0.1593559974371724 0.1926283106939473
0.14694631307311826 0.20225424859373686
0.13395669874474914 0.21108198137550377
0.12043841852542879 0.21907667001096592
0.10644482289126816 0.2262067631165049
9.203113817116947e-2 0.23244412147206286
7.725424859373686e-2 0.23776412907378838
6.2172471791213685e-2 0.24214579028215777
4.684532864643113e-2 0.24557181268217218
3.1333308391076065e-2 0.24802867532861947
1.5697629882328326e-2 0.2495066821070679
-4.020306624191591e-17 0.25
-1.569762988232835e-2 0.2495066821070679
-3.133330839107609e-2 0.24802867532861944
-4.6845328646431206e-2 0.24557181268217215
-6.217247179121371e-2 0.24214579028215777
-7.725424859373689e-2 0.23776412907378838
-9.20311381711695e-2 0.23244412147206284
-0.10644482289126818 0.22620676311650487
-0.12043841852542886 0.21907667001096587
-0.13395669874474922 0.21108198137550374
-0.14694631307311826 0.20225424859373686
-0.15935599743717244 0.1926283106939473
-0.17113677648217218 0.18224215685535286
-0.18224215685535292 0.17113677648217213
-0.19262831069394734 0.15935599743717238
-0.20225424859373684 0.1469463130731183
-0.21108198137550377 0.13395669874474916
-0.2190766700109659 0.1204384185254288
-0.2262067631165049 0.10644482289126812
-0.23244412147206286 9.203113817116944e-2
-0.2377641290737884 7.725424859373678e-2
-0.24214579028215777 6.2172471791213706e-2
-0.24557181268217218 4.684532864643114e-2
-0.24802867532861947 3.133330839107602e-2
-0.2495066821070679 1.5697629882328284e-2
-0.25 -8.040613248383183e-17
-0.2495066821070679 -1.5697629882328337e-2
-0.24802867532861947 -3.133330839107607e-2
-0.24557181268217215 -4.684532864643119e-2
-0.24214579028215777 -6.2172471791213754e-2
-0.23776412907378838 -7.725424859373693e-2
-0.2324441214720628 -9.203113817116958e-2
-0.22620676311650487 -0.10644482289126816
-0.21907667001096587 -0.12043841852542884
-0.21108198137550374 -0.1339566987447492
-0.2022542485937368 -0.14694631307311834
-0.19262831069394726 -0.1593559974371725
-0.1822421568553529 -0.17113677648217218
-0.17113677648217215 -0.1822421568553529
-0.15935599743717238 -0.19262831069394734
-0.1469463130731183 -0.20225424859373684
-0.13395669874474908 -0.21108198137550382
-0.12043841852542882 -0.2190766700109659
-0.10644482289126804 -0.22620676311650495
-9.203113817116945e-2 -0.23244412147206286
-7.725424859373689e-2 -0.23776412907378838
-6.217247179121361e-2 -0.2421457902821578
-4.684532864643116e-2 -0.24557181268217218
-3.133330839107593e-2 -0.24802867532861947
-1.5697629882328302e-2 -0.2495066821070679
-4.592425496802574e-17 -0.25
1.569762988232843e-2 -0.2495066821070679
3.133330839107606e-2 -0.24802867532861947
4.684532864643128e-2 -0.24557181268217215
6.217247179121373e-2 -0.24214579028215777
7.725424859373681e-2 -0.2377641290737884
9.203113817116956e-2 -0.2324441214720628
0.10644482289126815 -0.2262067631165049
0.12043841852542893 -0.21907667001096584
0.1339566987447492 -0.21108198137550374
0.14694631307311842 -0.20225424859373675
0.1593559974371725 -0.19262831069394726
0.17113677648217215 -0.1822421568553529
0.18224215685535297 -0.17113677648217207
0.19262831069394734 -0.1593559974371724
0.20225424859373695 -0.14694631307311815
0.21108198137550382 -0.13395669874474908
0.2190766700109659 -0.12043841852542883
0.22620676311650492 -0.10644482289126805
0.23244412147206286 -9.203113817116947e-2
0.23776412907378844 -7.72542485937367e-2
0.2421457902821578 -6.217247179121362e-2
0.24557181268217218 -4.684532864643117e-2
0.24802867532861947 -3.133330839107595e-2
0.2495066821070679 -1.5697629882328316e-2