0.6 0.0
0.598816037056963 3.7674311717588026e-2
0.5952688207886867 7.519994013858255e-2
0.5893723504372133 0.11242878875143478
0.5811498966771786 0.14921393229891286
0.570633909777092 0.18541019662496844
0.5578658915329507 0.22087473161080678
0.5428962314796116 0.2554675749390436
0.5257840080263181 0.2890522044610292
0.5065967553012091 0.32149607698739796
0.4854101966249684 0.3526711513754839
0.46230794566547345 0.3824543938492138
0.4373811764528469 0.4107282635572132
0.41072826355721315 0.4373811764528469
0.38245439384921376 0.4623079456654735
0.3526711513754838 0.4854101966249684
0.3214960769873979 0.5065967553012091
0.2890522044610291 0.5257840080263182
0.2554675749390436 0.5428962314796117
0.2208747316108067 0.5578658915329509
0.18541019662496847 0.570633909777092
0.14921393229891283 0.5811498966771786
0.11242878875143471 0.5893723504372133
7.519994013858255e-2 0.5952688207886867
3.7674311717587984e-2 0.598816037056963
-9.648735898059818e-17 0.6
-3.767431171758804e-2 0.598816037056963
-7.519994013858262e-2 0.5952688207886866
-0.11242878875143489 0.5893723504372131
-0.14921393229891292 0.5811498966771786
-0.18541019662496852 0.570633909777092
-0.22087473161080678 0.5578658915329507
-0.2554675749390436 0.5428962314796116
-0.28905220446102925 0.5257840080263181
-0.3214960769873981 0.506596755301209
-0.3526711513754838 0.4854101966249684
-0.3824543938492138 0.4623079456654735
-0.4107282635572132 0.43738117645284685
-0.43738117645284696 0.4107282635572131
-0.4623079456654736 0.3824543938492137
-0.48541019662496837 0.35267115137548394
-0.5065967553012091 0.32149607698739796
-0.5257840080263181 0.28905220446102914
-0.5428962314796117 0.2554675749390435
-0.5578658915329509 0.22087473161080665
-0.5706339097770922 0.18541019662496827
-0.5811498966771786 0.1492139322989129
-0.5893723504372133 0.11242878875143474
-0.5952688207886867 7.519994013858246e-2
-0.598816037056963 3.767431171758788e-2
-0.6 -1.9297471796119638e-16
-0.598816037056963 -3.7674311717588005e-2
-0.5952688207886867 -7.519994013858257e-2
-0.5893723504372131 -0.11242878875143486
-0.5811498966771786 -0.149213932298913
-0.570633909777092 -0.18541019662496863
-0.5578658915329507 -0.22087473161080698
-0.5428962314796116 -0.2554675749390436
-0.5257840080263181 -0.2890522044610292
-0.506596755301209 -0.32149607698739807
-0.4854101966249683 -0.352671151375484
-0.4623079456654734 -0.382454393849214
-0.4373811764528469 -0.4107282635572132
-0.41072826355721315 -0.4373811764528469
-0.3824543938492137 -0.4623079456654736
-0.35267115137548394 -0.48541019662496837
-0.3214960769873978 -0.5065967553012092
-0.28905220446102914 -0.5257840080263181
-0.25546757493904326 -0.5428962314796119
-0.22087473161080667 -0.5578658915329509
-0.18541019662496852 -0.570633909777092
-0.14921393229891267 -0.5811498966771786
-0.11242878875143478 -0.5893723504372133
-7.519994013858224e-2 -0.5952688207886867
-3.767431171758792e-2 -0.598816037056963
-1.1021821192326178e-16 -0.6
3.7674311717588234e-2 -0.598816037056963
7.519994013858254e-2 -0.5952688207886867
0.11242878875143507 -0.5893723504372131
0.14921393229891294 -0.5811498966771786
0.18541019662496833 -0.5706339097770922
0.22087473161080695 -0.5578658915329507
0.25546757493904354 -0.5428962314796117
0.2890522044610294 -0.525784008026318
0.32149607698739807 -0.506596755301209
0.3526711513754842 -0.4854101966249682
0.382454393849214 -0.4623079456654734
0.41072826355721315 -0.4373811764528469
0.43738117645284713 -0.410728263557213
0.4623079456654736 -0.38245439384921376
0.48541019662496865 -0.35267115137548355
0.5065967553012092 -0.3214960769873978
0.5257840080263181 -0.2890522044610292
0.5428962314796117 -0.2554675749390433
0.5578658915329509 -0.2208747316108067
0.5706339097770923 -0.18541019662496808
0.5811498966771786 -0.1492139322989127
0.5893723504372133 -0.1124287887514348
0.5952688207886867 -7.519994013858226e-2
0.598816037056963 -3.7674311717587956e-2