25.0 0.0
24.950668210706787 1.5697629882328343
24.802867532861946 3.1333308391076065
24.557181268217217 4.684532864643116
24.214579028215777 6.21724717912137
23.776412907378838 7.7254248593736845
23.244412147206283 9.20311381711695
22.620676311650488 10.644482289126818
21.90766700109659 12.043841852542883
21.108198137550378 13.395669874474917
20.225424859373685 14.694631307311829
19.26283106939473 15.935599743717244
18.224215685535288 17.11367764821722
17.113677648217216 18.224215685535288
15.93559974371724 19.262831069394732
14.694631307311825 20.225424859373685
13.395669874474914 21.108198137550378
12.04384185254288 21.90766700109659
10.644482289126817 22.620676311650488
9.203113817116947 23.244412147206287
7.725424859373686 23.776412907378838
6.217247179121369 24.214579028215777
4.684532864643113 24.557181268217217
3.1333308391076065 24.802867532861946
1.5697629882328326 24.950668210706787
-4.020306624191591e-15 25.0
-1.569762988232835 24.950668210706787
-3.133330839107609 24.802867532861946
-4.684532864643121 24.557181268217214
-6.2172471791213715 24.214579028215777
-7.725424859373689 23.776412907378838
-9.20311381711695 23.244412147206283
-10.644482289126818 22.620676311650488
-12.043841852542887 21.907667001096588
-13.395669874474923 21.108198137550374
-14.694631307311825 20.225424859373685
-15.935599743717244 19.262831069394732
-17.11367764821722 18.224215685535285
-18.22421568553529 17.113677648217212
-19.262831069394736 15.935599743717239
-20.225424859373682 14.69463130731183
-21.108198137550378 13.395669874474917
-21.90766700109659 12.04384185254288
-22.620676311650488 10.644482289126813
-23.244412147206287 9.203113817116943
-23.77641290737884 7.725424859373678
-24.214579028215777 6.217247179121371
-24.557181268217217 4.684532864643114
-24.802867532861946 3.1333308391076025
-24.950668210706787 1.5697629882328283
-25.0 -8.040613248383184e-15
-24.950668210706787 -1.5697629882328337
-24.802867532861946 -3.1333308391076073
-24.557181268217214 -4.684532864643119
-24.214579028215777 -6.217247179121375
-23.776412907378838 -7.725424859373693
-23.24441214720628 -9.203113817116957
-22.620676311650488 -10.644482289126817
-21.907667001096588 -12.043841852542885
-21.108198137550374 -13.395669874474919
-20.225424859373682 -14.694631307311834
-19.262831069394725 -15.93559974371725
-18.224215685535288 -17.11367764821722
-17.113677648217216 -18.224215685535288
-15.935599743717239 -19.262831069394736
-14.69463130731183 -20.225424859373682
-13.395669874474908 -21.10819813755038
-12.043841852542881 -21.90766700109659
-10.644482289126804 -22.620676311650495
-9.203113817116945 -23.244412147206287
-7.725424859373689 -23.776412907378838
-6.217247179121361 -24.21457902821578
-4.684532864643116 -24.557181268217217
-3.133330839107593 -24.802867532861946
-1.5697629882328301 -24.950668210706787
-4.592425496802574e-15 -25.0
1.569762988232843 -24.950668210706787
3.1333308391076056 -24.802867532861946
4.684532864643129 -24.557181268217214
6.217247179121373 -24.214579028215777
7.725424859373681 -23.77641290737884
9.203113817116956 -23.24441214720628
10.644482289126815 -22.620676311650488
12.043841852542894 -21.907667001096584
13.395669874474919 -21.108198137550374
14.694631307311843 -20.225424859373675
15.93559974371725 -19.262831069394725
17.113677648217216 -18.224215685535288
18.2242156855353 -17.113677648217205
19.262831069394736 -15.93559974371724
20.225424859373696 -14.694631307311814
21.10819813755038 -13.395669874474908
21.90766700109659 -12.043841852542883
22.62067631165049 -10.644482289126806
23.244412147206287 -9.203113817116947
23.776412907378845 -7.725424859373669
24.21457902821578 -6.217247179121363
24.557181268217217 -4.684532864643117
24.802867532861946 -3.1333308391075945
24.950668210706787 -1.5697629882328317