-0.25 -8.040613248383183E-17
-0.25 0.9999999999999999
-0.2495066821070679 1.0156976298823284
-0.24802867532861947 1.031333308391076
-0.24557181268217218 1.0468453286464312
-0.24214579028215777 1.0621724717912138
-0.2377641290737884 1.0772542485937369
-0.23244412147206286 1.0920311381711694
-0.2262067631165049 1.1064448228912682
-0.2190766700109659 1.1204384185254288
-0.21108198137550377 1.1339566987447491
-0.20225424859373684 1.1469463130731183
-0.19262831069394734 1.1593559974371723
-0.18224215685535292 1.171136776482172
-0.17113677648217218 1.182242156855353
-0.15935599743717244 1.1926283106939473
-0.14694631307311826 1.2022542485937369
-0.13395669874474922 1.2110819813755038
-0.12043841852542886 1.2190766700109659
-0.10644482289126818 1.2262067631165048
-0.0920311381711695 1.2324441214720627
-0.07725424859373689 1.2377641290737884
-0.06217247179121371 1.2421457902821578
-0.046845328646431206 1.2455718126821722
-0.03133330839107609 1.2480286753286194
-0.01569762988232835 1.249506682107068
-4.020306624191591E-17 1.25
0.19999999999999998 1.25
0.21569762988232832 1.249506682107068
0.23133330839107608 1.2480286753286194
0.24684532864643113 1.2455718126821722
0.2621724717912137 1.2421457902821578
0.2772542485937369 1.2377641290737884
0.2920311381711695 1.232444121472063
0.3064448228912682 1.226206763116505
0.3204384185254288 1.2190766700109659
0.33395669874474915 1.2110819813755038
0.3469463130731183 1.2022542485937369
0.3593559974371724 1.1926283106939473
0.37113677648217214 1.182242156855353
0.3822421568553529 1.171136776482172
0.3926283106939473 1.1593559974371725
0.4022542485937369 1.1469463130731183
0.4110819813755038 1.1339566987447491
0.41907667001096593 1.1204384185254288
0.42620676311650485 1.1064448228912682
0.43244412147206285 1.0920311381711696
0.43776412907378837 1.0772542485937369
0.4421457902821578 1.0621724717912138
0.44557181268217216 1.0468453286464312
0.44802867532861945 1.031333308391076
0.4495066821070679 1.0156976298823284
0.45 1
0.45 0.9
0.4495066821070679 0.8843023701176717
0.44802867532861945 0.8686666916089241
0.44557181268217216 0.8531546713535688
0.44214579028215784 0.8378275282087864
0.4377641290737885 0.8227457514062633
0.4324441214720629 0.8079688618288305
0.42620676311650496 0.7935551771087319
0.41907667001096593 0.7795615814745712
0.41108198137550384 0.766043301255251
0.40225424859373693 0.7530536869268819
0.3926283106939473 0.7406440025628276
0.382242156855353 0.728863223517828
0.37113677648217214 0.7177578431446472
0.3593559974371725 0.7073716893060528
0.35 0.7001144337886054
0.35 0.3499999999999999
0.65 0.35
0.65 0.7001144337886054
0.6406440025628277 0.7073716893060527
0.6288632235178279 0.7177578431446472
0.6177578431446471 0.7288632235178278
0.6073716893060528 0.7406440025628276
0.5977457514062632 0.7530536869268817
0.5889180186244963 0.7660433012552508
0.5809233299890342 0.7795615814745712
0.5737932368834952 0.7935551771087319
0.5675558785279372 0.8079688618288304
0.5622358709262116 0.822745751406263
0.5578542097178423 0.8378275282087863
0.5544281873178278 0.8531546713535688
0.5519713246713805 0.868666691608924
0.5504933178929321 0.8843023701176717
0.55 0.8999999999999999
0.55 0.9999999999999999
0.5504933178929321 1.0156976298823284
0.5519713246713805 1.031333308391076
0.5544281873178278 1.0468453286464312
0.5578542097178423 1.0621724717912138
0.5622358709262116 1.0772542485937369
0.5675558785279372 1.0920311381711694
0.5737932368834952 1.1064448228912682
0.5809233299890342 1.1204384185254288
0.5889180186244962 1.1339566987447491
0.5977457514062632 1.1469463130731183
0.6073716893060527 1.1593559974371723
0.6177578431446471 1.171136776482172
0.6288632235178279 1.182242156855353
0.6406440025628276 1.1926283106939473
0.6530536869268818 1.2022542485937369
0.6660433012552508 1.2110819813755038
0.6795615814745712 1.2190766700109659
0.6935551771087318 1.2262067631165048
0.7079688618288306 1.2324441214720627
0.7227457514062632 1.2377641290737884
0.7378275282087863 1.2421457902821578
0.7531546713535688 1.2455718126821722
0.768666691608924 1.2480286753286194
0.7843023701176717 1.249506682107068
0.8 1.25
1 1.25
1.0156976298823284 1.249506682107068
1.031333308391076 1.2480286753286194
1.0468453286464312 1.2455718126821722
1.0621724717912138 1.2421457902821578
1.0772542485937369 1.2377641290737884
1.0920311381711694 1.232444121472063
1.1064448228912682 1.226206763116505
1.1204384185254288 1.2190766700109659
1.1339566987447491 1.2110819813755038
1.1469463130731183 1.2022542485937369
1.1593559974371723 1.1926283106939473
1.171136776482172 1.182242156855353
1.182242156855353 1.171136776482172
1.1926283106939473 1.1593559974371725
1.2022542485937369 1.1469463130731183
1.2110819813755038 1.1339566987447491
1.2190766700109659 1.1204384185254288
1.2262067631165048 1.1064448228912682
1.2324441214720627 1.0920311381711696
1.2377641290737884 1.0772542485937369
1.2421457902821578 1.0621724717912138
1.2455718126821722 1.0468453286464312
1.2480286753286194 1.031333308391076
1.249506682107068 1.0156976298823284
1.25 1
1.25 0
1.249506682107068 -0.015697629882328316
1.2480286753286194 -0.03133330839107595
1.2455718126821722 -0.04684532864643117
1.2421457902821578 -0.06217247179121362
1.2377641290737884 -0.0772542485937367
1.232444121472063 -0.09203113817116947
1.226206763116505 -0.10644482289126805
1.2190766700109659 -0.12043841852542883
1.2110819813755038 -0.13395669874474908
1.2022542485937369 -0.14694631307311815
1.1926283106939473 -0.1593559974371724
1.182242156855353 -0.17113677648217207
1.171136776482172 -0.1822421568553529
1.1593559974371725 -0.19262831069394726
1.1469463130731183 -0.20225424859373675
1.1339566987447491 -0.21108198137550374
1.120438418525429 -0.21907667001096584
1.1064448228912682 -0.2262067631165049
1.0920311381711696 -0.2324441214720628
1.0772542485937369 -0.2377641290737884
1.0621724717912138 -0.24214579028215777
1.0468453286464312 -0.24557181268217215
1.031333308391076 -0.24802867532861947
1.0156976298823284 -0.2495066821070679
1 -0.25
-4.592425496802574E-17 -0.25
-0.015697629882328302 -0.2495066821070679
-0.03133330839107593 -0.24802867532861947
-0.04684532864643116 -0.24557181268217218
-0.06217247179121361 -0.2421457902821578
-0.07725424859373689 -0.23776412907378838
-0.09203113817116945 -0.23244412147206286
-0.10644482289126804 -0.22620676311650495
-0.12043841852542882 -0.2190766700109659
-0.13395669874474908 -0.21108198137550382
-0.1469463130731183 -0.20225424859373684
-0.15935599743717238 -0.19262831069394734
-0.17113677648217215 -0.1822421568553529
-0.1822421568553529 -0.17113677648217218
-0.19262831069394726 -0.1593559974371725
-0.2022542485937368 -0.14694631307311834
-0.21108198137550374 -0.1339566987447492
-0.21907667001096587 -0.12043841852542884
-0.22620676311650487 -0.10644482289126816
-0.2324441214720628 -0.09203113817116958
-0.23776412907378838 -0.07725424859373693
-0.24214579028215777 -0.062172471791213754
-0.24557181268217215 -0.04684532864643119
-0.24802867532861947 -0.03133330839107607
-0.2495066821070679 -0.015697629882328337

