-0.25 -8.040613248383183E-17
-0.25 0.9999999999999999
-0.2495066821070679 1.0156976298823284
-0.24802867532861947 1.031333308391076
-0.24557181268217218 1.0468453286464312
-0.24214579028215777 1.0621724717912138
-0.2377641290737884 1.0772542485937369
-0.23244412147206286 1.0920311381711694
-0.2262067631165049 1.1064448228912682
-0.2190766700109659 1.1204384185254288
-0.21108198137550377 1.1339566987447491
-0.20225424859373684 1.1469463130731183
-0.19262831069394734 1.1593559974371723
-0.18224215685535292 1.171136776482172
-0.17113677648217218 1.182242156855353
-0.15935599743717244 1.1926283106939473
-0.14694631307311826 1.2022542485937369
-0.13395669874474922 1.2110819813755038
-0.12043841852542886 1.2190766700109659
-0.10644482289126818 1.2262067631165048
-0.0920311381711695 1.2324441214720627
-0.07725424859373689 1.2377641290737884
-0.06217247179121371 1.2421457902821578
-0.046845328646431206 1.2455718126821722
-0.03133330839107609 1.2480286753286194
-0.01569762988232835 1.249506682107068
-4.020306624191591E-17 1.25
0.09999999999999996 1.25
0.11569762988232833 1.249506682107068
0.13133330839107607 1.2480286753286194
0.14684532864643113 1.2455718126821722
0.1621724717912137 1.2421457902821578
0.17725424859373687 1.2377641290737884
0.19203113817116946 1.232444121472063
0.20644482289126817 1.226206763116505
0.22043841852542878 1.2190766700109659
0.23395669874474914 1.2110819813755038
0.24694631307311826 1.2022542485937369
0.2593559974371724 1.1926283106939473
0.27113677648217216 1.182242156855353
0.2822421568553529 1.171136776482172
0.2926283106939473 1.1593559974371725
0.30225424859373684 1.1469463130731183
0.3110819813755038 1.1339566987447491
0.3190766700109659 1.1204384185254288
0.32620676311650487 1.1064448228912682
0.3324441214720628 1.0920311381711696
0.3377641290737884 1.0772542485937369
0.34214579028215775 1.0621724717912138
0.3455718126821722 1.0468453286464312
0.3480286753286195 1.031333308391076
0.3495066821070679 1.0156976298823284
0.35 1
0.35 0.35
0.65 0.35000000000000003
0.65 0.9999999999999999
0.6504933178929322 1.0156976298823284
0.6519713246713805 1.031333308391076
0.6544281873178278 1.0468453286464312
0.6578542097178423 1.0621724717912138
0.6622358709262116 1.0772542485937369
0.6675558785279372 1.0920311381711694
0.6737932368834951 1.1064448228912682
0.6809233299890342 1.1204384185254288
0.6889180186244963 1.1339566987447491
0.6977457514062632 1.1469463130731183
0.7073716893060527 1.1593559974371723
0.7177578431446471 1.171136776482172
0.7288632235178278 1.182242156855353
0.7406440025628276 1.1926283106939473
0.7530536869268818 1.2022542485937369
0.7660433012552508 1.2110819813755038
0.7795615814745711 1.2190766700109659
0.7935551771087318 1.2262067631165048
0.8079688618288305 1.2324441214720627
0.8227457514062632 1.2377641290737884
0.8378275282087864 1.2421457902821578
0.8531546713535688 1.2455718126821722
0.868666691608924 1.2480286753286194
0.8843023701176717 1.249506682107068
0.9 1.25
1 1.25
1.0156976298823284 1.249506682107068
1.031333308391076 1.2480286753286194
1.0468453286464312 1.2455718126821722
1.0621724717912138 1.2421457902821578
1.0772542485937369 1.2377641290737884
1.0920311381711694 1.232444121472063
1.1064448228912682 1.226206763116505
1.1204384185254288 1.2190766700109659
1.1339566987447491 1.2110819813755038
1.1469463130731183 1.2022542485937369
1.1593559974371723 1.1926283106939473
1.171136776482172 1.182242156855353
1.182242156855353 1.171136776482172
1.1926283106939473 1.1593559974371725
1.2022542485937369 1.1469463130731183
1.2110819813755038 1.1339566987447491
1.2190766700109659 1.1204384185254288
1.2262067631165048 1.1064448228912682
1.2324441214720627 1.0920311381711696
1.2377641290737884 1.0772542485937369
1.2421457902821578 1.0621724717912138
1.2455718126821722 1.0468453286464312
1.2480286753286194 1.031333308391076
1.249506682107068 1.0156976298823284
1.25 1
1.25 0
1.249506682107068 -0.015697629882328316
1.2480286753286194 -0.03133330839107595
1.2455718126821722 -0.04684532864643117
1.2421457902821578 -0.06217247179121362
1.2377641290737884 -0.0772542485937367
1.232444121472063 -0.09203113817116947
1.226206763116505 -0.10644482289126805
1.2190766700109659 -0.12043841852542883
1.2110819813755038 -0.13395669874474908
1.2022542485937369 -0.14694631307311815
1.1926283106939473 -0.1593559974371724
1.182242156855353 -0.17113677648217207
1.171136776482172 -0.1822421568553529
1.1593559974371725 -0.19262831069394726
1.1469463130731183 -0.20225424859373675
1.1339566987447491 -0.21108198137550374
1.120438418525429 -0.21907667001096584
1.1064448228912682 -0.2262067631165049
1.0920311381711696 -0.2324441214720628
1.0772542485937369 -0.2377641290737884
1.0621724717912138 -0.24214579028215777
1.0468453286464312 -0.24557181268217215
1.031333308391076 -0.24802867532861947
1.0156976298823284 -0.2495066821070679
1 -0.25
-4.592425496802574E-17 -0.25
-0.015697629882328302 -0.2495066821070679
-0.03133330839107593 -0.24802867532861947
-0.04684532864643116 -0.24557181268217218
-0.06217247179121361 -0.2421457902821578
-0.07725424859373689 -0.23776412907378838
-0.09203113817116945 -0.23244412147206286
-0.10644482289126804 -0.22620676311650495
-0.12043841852542882 -0.2190766700109659
-0.13395669874474908 -0.21108198137550382
-0.1469463130731183 -0.20225424859373684
-0.15935599743717238 -0.19262831069394734
-0.17113677648217215 -0.1822421568553529
-0.1822421568553529 -0.17113677648217218
-0.19262831069394726 -0.1593559974371725
-0.2022542485937368 -0.14694631307311834
-0.21108198137550374 -0.1339566987447492
-0.21907667001096587 -0.12043841852542884
-0.22620676311650487 -0.10644482289126816
-0.2324441214720628 -0.09203113817116958
-0.23776412907378838 -0.07725424859373693
-0.24214579028215777 -0.062172471791213754
-0.24557181268217215 -0.04684532864643119
-0.24802867532861947 -0.03133330839107607
-0.2495066821070679 -0.015697629882328337

