0.0 0.0
-9.548070641485962e-2 9.02688307939975e-2
-0.1748973651110155 0.19494939934391597
-0.23610758426752065 0.31121777931546457
-0.2774601199887966 0.43593744456444
-0.29783942125873153 0.5657438819631496
-0.2966957237196438 0.6971353545416046
-0.2740598804481247 0.826567366462084
-0.23054252964378263 0.9505482814827746
-0.16731762168382014 1.0657335154489829
-8.609074992758248e-2 1.1690157618182966
1.0946860401548575e-2 1.257608816241358
0.12117746403316654 1.3291227388956566
0.24162741352962247 1.3816283269477592
0.369047378197944 1.4137091578958425
0.5 1.42449979983984
0.6309526218020561 1.4137091578958425
0.7583725864703779 1.3816283269477592
0.8788225359668338 1.3291227388956566
0.9890531395984514 1.257608816241358
1.0860907499275827 1.1690157618182964
1.1673176216838204 1.0657335154489824
1.2305425296437826 0.9505482814827745
1.2740598804481247 0.8265673664620838
1.296695723719644 0.6971353545416045
1.2978394212587316 0.5657438819631492
1.2774601199887963 0.4359374445644396
1.2361075842675204 0.3112177793154642
1.1748973651110155 0.19494939934391586
1.0954807064148597 9.026883079399739e-2
1.0 1.1102230246251565e-16
1.073576436351046 4.68733594954468e-2
1.1427876096865393 9.998096066546047e-2
1.2071067811865475 0.1589186225978909
1.266044443118978 0.223237794097899
1.3191520442889915 0.2924489674333921
1.3660254037844388 0.36602540378443893
1.40630778703665 0.4434071420437394
1.4396926207859084 0.5240052604587699
1.4659258262890682 0.6072063586819179
1.4848077530122081 0.6923772261175082
1.4961946980917455 0.7788696610367802
1.5 0.8660254037844384
1.4961946980917455 0.9531811465320964
1.4848077530122081 1.0396735814513685
1.4659258262890684 1.124844448886959
1.4396926207859086 1.2080455471101068
1.4063077870366503 1.2886436655251374
1.366025403784439 1.366025403784438
1.3191520442889924 1.439601840135484
1.2660444431189788 1.5088130134709772
1.2071067811865477 1.5731321849709858
1.1427876096865397 1.6320698469034163
1.0735764363510465 1.68517744807343
1.0000000000000004 1.732050807568877
0.9226182617407 1.7723331908210884
0.8420201433256695 1.8057180245703468
0.7588190451025216 1.8319512300735066
0.6736481776669313 1.8508331567966465
0.5871557427476584 1.8622201018761841
0.5000000000000003 1.8660254037844386
0.41284425725234225 1.8622201018761841
0.32635182233307014 1.8508331567966467
0.24118095489747982 1.831951230073507
0.15797985667433195 1.8057180245703472
7.738173825930128e-2 1.7723331908210889
7.771561172376096e-16 1.7320508075688776
-7.357643635104527e-2 1.685177448073431
-0.14278760968653847 1.6320698469034174
-0.20710678118654668 1.573132184970987
-0.26604444311897724 1.508813013470979
-0.319152044288991 1.4396018401354858
-0.36602540378443793 1.36602540378444
-0.40630778703664927 1.2886436655251394
-0.43969262078590776 1.208045547110109
-0.46592582628906776 1.1248444488869611
-0.484807753012208 1.0396735814513691
-0.4961946980917453 0.9531811465320988
-0.5 0.8660254037844389
-0.49619469809174577 0.7788696610367827
-0.48480775301220813 0.6923772261175088
-0.46592582628906887 0.6072063586819202
-0.43969262078590865 0.5240052604587706
-0.40630778703665105 0.44340714204374154
-0.36602540378443915 0.36602540378443943
-0.31915204428899346 0.2924489674333949
-0.2660444431189788 0.22323779409790023
-0.20710678118654968 0.15891862259789324
-0.14278760968654036 9.998096066546147e-2
-7.357643635104727e-2 4.6873359495447686e-2
-1.3322676295501878e-15 7.771561172376096e-16
