0.0 0.0
3.0527400319971032e-2 -1.6925271867122227e-2
6.1626987818277135e-2 -3.277464584551559e-2
9.32608587168699e-2 -4.752880492161804e-2
0.1253904580599508 -6.116976691573217e-2
0.15797662670425644 -7.368090639847513e-2
0.1909796490457194 -8.504697495363822e-2
0.22435930142433713 -9.525411976276144e-2
0.25807490114825204 -0.10428990048877063
0.29208535607729447 -0.11214330443810028
0.32634921470555533 -0.11880475998282325
0.36082471668194993 -0.12426614822642812
0.39546984370719723 -0.12852081289902584
0.43024237074518407 -0.13156356846992678
0.465099917486297 -0.13339070646769757
0.49999999999999983 -0.134
0.5349000825137027 -0.13339070646769757
0.5697576292548155 -0.13156356846992678
0.6045301562928024 -0.12852081289902595
0.6391752833180497 -0.12426614822642812
0.6736507852944442 -0.11880475998282325
0.7079146439227052 -0.11214330443810039
0.7419250988517476 -0.10428990048877074
0.7756406985756625 -9.525411976276155e-2
0.8090203509542803 -8.504697495363833e-2
0.8420233732957432 -7.368090639847524e-2
0.8746095419400488 -6.116976691573228e-2
0.9067391412831298 -4.752880492161826e-2
0.9383730121817225 -3.2774645845515704e-2
0.9694725996800286 -1.6925271867122338e-2
0.9999999999999998 -2.220446049250313e-16
0.9993888031002325 3.4898399377576474e-2
0.9975601521036146 6.975421490812583e-2
0.9945162745363558 0.10452498783773806
0.9902608782230072 0.13916836300505472
0.9847991467698649 0.17364214043516632
0.9781377332506893 0.2079043267444733
0.9702847521024257 0.24191318629389266
0.9612497692408033 0.2756272920280998
0.9510437904078497 0.3090055759388766
0.9396792477655181 0.34200737909109463
0.9271699847517545 0.37459250115039644
0.9135312392174542 0.40672124935224396
0.8987796248648493 0.43835448685268225
0.882933111009936 0.46945368040192337
0.8660110006935945 0.49998094728267584
0.8480339071680646 0.5298991014560446
0.8290237287874201 0.5591716988587896
0.8090036223326275 0.5877630817967638
0.7879979748036828 0.6156384223804565
0.7660323737131888 0.6427637649497292
0.7431335759175545 0.669106067436068
0.7193294750237905 0.6946332416119657
0.6946490674115976 0.7193141921784071
0.6691224169121397 0.7431188546428413
0.6427806181865289 0.7660182319415044
0.6156557588486286 0.7879844297614785
0.5877808803783162 0.8089906905194628
0.5591899378728181 0.8290114259558653
0.5299177586851433 0.8480222483045111
0.5 0.866
0.4700822413148572 0.8480222483045115
0.440810062127182 0.8290114259558655
0.4122191196216842 0.808990690519463
0.3843442411513719 0.7879844297614789
0.35721938181347135 0.7660182319415045
0.3308775830878605 0.7431188546428416
0.30535093258840285 0.7193141921784075
0.2806705249762097 0.6946332416119659
0.25686642408244575 0.6691060674360683
0.23396762628681167 0.6427637649497296
0.21200202519631728 0.6156384223804566
0.19099637766737276 0.5877630817967642
0.1709762712125802 0.55917169885879
0.15196609283193552 0.5298991014560448
0.13398899930640562 0.49998094728267606
0.11706688899006423 0.4694536804019238
0.10122037513515081 0.43835448685268247
8.646876078254595e-2 0.4067212493522443
7.283001524824573e-2 0.37459250115039694
6.032075223448208e-2 0.34200737909109524
4.895620959215041e-2 0.30900557593887695
3.8750230759196924e-2 0.2756272920281003
2.9715247897574293e-2 0.24191318629389283
2.18622667493108e-2 0.2079043267444736
1.5200853230135203e-2 0.17364214043516682
9.739121776992876e-3 0.13916836300505536
5.4837254636441735e-3 0.10452498783773836
2.4398478963855164e-3 6.975421490812629e-2
6.111968997675188e-4 3.4898399377576654e-2
0.0 3.189926079359695e-16
